973
936
1250
1102
776
1900
2081
1072
465
2079
1702
1508
1105
620
787
24
279
458
1829
309
413
1141
1889
1029
2
2096
303
336
1366
999
2263
2275
1722
666
1252
151
1605
2194
2117
1735
528
1580
246
390
2095
1067
1188
1540
1996
855
1668
594
1271
887
154
1651
1706
2209
743
673
1306
744
1238
1917
2235
1224
1819
535
2017
1800
1737
704
865
484
1387
1386
1715
478
1056
2225
1777
1256
1988
237
1880
668
1875
212
1990
1283
332
377
1310
1872
1237
647
72
133
1760
311
1530
1714
474
1335
2133
113
1343
1129
795
1030
813
1964
2128
2065
1027
2266
803
2160
102
1374
339
1445
13
1303
520
323
1904
587
1909
512
1638
765
2258
139
507
1488
1814
844
1704
563
1613
770
1403
1754
1695
1373
1161
838
1662
729
799
349
1293
251
2036
1143
142
1801
582
1111
747
1090
1044
243
1611
12
1680
104
965
812
1635
1287
1571
529
429
709
1465
307
1677
1676
539
1419
292
960
2237
749
415
1254
928
1152
1463
164
1232
661
293
1907
998
197
57
1063
1180
628
2027
1609
2010
2115
205
506
2191
746
2141
1220
1644
2073
2135
541
1935
730
9
2216
1175
764
1535
4
320
200
76
570
904
1276
1531
1479
1261
962
1381
2234
123
120
1764
1359
2043
1266
84
357
392
1370
1157
224
923
2126
500
1136
1539
2192
2173
2157
331
1209
901
1499
2122
804
1787
687
1844
3
951
1569
1174
1170
1963
1070
2149
448
2113
106
1308
116
1033
290
1323
568
1139
1467
672
832
472
73
1154
1967
1195
122
2260
1417
2174
1487
505
1616
19
199
1959
816
56
789
1784
1751
194
523
416
1239
2166
1721
134
2132
201
335
69
1604
1382
1227
1406
206
313
1456
1167
1517
16
1572
1048
2005
1052
1491
2058
653
1989
467
2106
328
1126
1004
768
397
760
277
267
1444
343
1375
1362
1197
1289
720
1693
1202
2137
6
1341
317
1160
1253
912
1295
365
240
1980
51
1699
461
1317
1165
1342
715
1689
540
526
861
2119
1524
2072
2125
602
280
1181
1402
908
1627
825
1712
99
598
1210
1707
1101
1629
524
2187
439
1815
651
1669
1144
1828
1269
946
751
1219
1953
186
1314
423
10
2076
2031
1354
1413
1901
857
2062
911
2196
767
617
1115
679
1441
851
1553
1305
58
2206
2202
1873
1438
1554
667
1639
220
2009
404
2267
2054
187
325
2000
1523
1109
44
2242
1074
1286
178
2257
54
900
300
996
1338
457
26
1051
1486
312
354
1603
1532
1727
1871
137
849
1632
1691
553
80
797
2131
875
2142
924
147
498
496
1658
1435
1265
2086
732
1243
1547
242
315
2051
355
1407
1897
1507
1460
405
2179
1560
14
940
1223
866
2214
716
619
481
1516
1529
551
140
485
868
441
1339
2025
560
66
757
1171
1390
934
909
971
1960
81
2256
188
236
1803
1231
1150
340
1636
1746
790
1176
252
1120
1671
1820
2156
1385
231
282
459
754
819
1999
1576
2034
2207
1179
1352
1009
543
2053
759
1096
1836
1431
2055
1574
427
1140
503
1107
284
762
1108
1257
2085
2170
1371
1970
683
263
1485
1725
2048
1780
950
706
1333
1966
1262
456
1187
1260
115
1397
1840
257
1066
380
1852
927
970
1747
1660
1396
1684
1086
2204
2152
2068
2148
1034
171
2217
862
2171
1992
1461
1039
1566
562
1124
708
333
1270
1050
648
1933
2134
571
402
527
1987
49
874
994
1559
1867
736
77
2042
1543
1657
637
1264
1447
604
144
552
692
1060
2083
2161
700
65
1353
442
997
2238
879
2253
1446
1137
1914
1955
1590
337
775
424
29
854
1085
1859
150
1408
597
480
1646
1159
90
1477
1280
1506
1153
566
2050
2252
209
1194
1881
2190
1577
379
1548
1294
157
1697
296
1138
371
114
2182
942
471
1538
1724
2121
1594
1978
155
1439
1718
1893
216
663
374
1095
2093
1888
662
1442
1099
351
975
1190
1628
1776
103
1494
2186
1608
1813
2200
1493
977
772
1449
1527
1534
431
678
1622
964
821
2240
388
1024
537
364
60
1882
1921
408
1558
1191
983
1612
1440
414
291
1795
1592
809
401
607
536
1630
274
1028
1514
2097
1365
2114
1049
635
1770
514
898
368
1941
1865
2146
1213
1474
21
545
1344
265
555
1861
2023
454
1457
1799
842
959
850
533
1653
1112
172
248
1248
578
2075
1392
430
1480
1398
954
158
393
232
438
1423
2018
2208
1325
1925
982
1811
742
1758
118
1834
310
1804
773
544
833
1347
249
892
2101
1071
1291
1761
1443
1462
990
286
688
1998
1832
613
538
1230
1745
1263
1986
1429
109
464
399
992
17
907
407
1337
449
1929
2107
322
2175
877
241
2032
993
63
980
272
1459
62
145
111
525
260
2188
903
1798
1005
905
445
165
1765
46
713
1698
97
1259
268
1936
626
920
179
1379
610
1928
1934
1313
88
1469
1378
1240
542
1410
71
2198
2103
1713
830
1182
1884
1879
780
1207
359
843
558
1228
82
1615
1214
273
601
888
261
1739
1383
1178
1740
2109
518
410
426
1388
1876
1121
1894
470
695
433
1757
1703
256
207
1177
674
1857
1619
119
1106
1785
2268
2164
1797
1736
1556
1634
338
1158
2057
384
152
1412
1664
1568
1471
1690
622
2112
382
1045
575
1877
945
2111
1502
1649
717
1007
1976
1324
807
289
969
2007
419
1001
1104
334
623
2239
85
1687
532
288
1645
463
1930
1355
18
235
1845
1510
2139
2155
1307
1125
1985
182
1843
2220
341
1919
1863
2001
740
79
2033
11
1451
1284
326
2269
589
149
1473
1598
756
972
573
711
546
1711
1436
440
1322
657
1073
2140
1235
1400
245
2003
204
1169
1600
1675
1476
763
835
1802
1247
1334
346
1357
941
961
824
486
1927
421
701
1156
1692
963
356
1596
1012
919
1974
808
2244
1896
2184
976
38
897
1013
2261
2028
2064
208
1972
2210
1401
859
299
1923
2158
1346
608
584
2080
793
