2133
2146
2181
2149
41
764
1867
1601
1824
1856
1710
1503
981
786
326
1443
996
938
1564
1747
471
895
752
916
1442
2112
674
1220
35
2052
1886
1145
800
101
1102
458
948
2004
479
1593
1969
967
380
474
1540
2002
1682
1814
176
761
1444
81
425
884
2189
1266
1280
525
1576
211
2141
476
507
235
1760
1087
1929
542
1990
1175
269
1292
930
167
603
1417
195
499
2139
1623
1456
1078
2072
2005
1782
391
1490
1703
141
997
1724
2046
949
1461
144
1103
1991
2006
1590
637
157
2185
1534
1825
957
2099
110
436
1028
26
131
1373
1376
560
1450
1032
2067
744
1649
2029
2015
1045
1480
1424
169
1792
363
1872
190
751
1232
1621
1518
2087
1275
1349
1530
737
639
2114
1013
1738
851
2059
1895
765
1863
623
621
1986
331
1637
1182
1423
977
1388
836
672
1260
1301
173
97
1303
633
365
602
178
576
868
1083
521
626
368
354
2227
435
1101
1849
103
667
1643
1110
1072
2187
1807
1104
2245
1122
367
908
1287
1981
1687
1295
424
1208
2138
683
1031
1983
1695
987
1270
464
2159
1482
2051
1779
2211
1666
1803
1579
36
934
1366
1077
374
1082
1553
760
1360
645
1832
155
889
1196
2010
63
1745
1247
2083
2237
319
1387
223
1063
485
253
1980
1622
653
2168
1407
1333
1952
2025
1050
935
1402
2045
1202
69
245
823
1512
1211
1438
246
1019
2071
388
2125
1899
492
1237
154
9
898
177
846
362
694
143
1095
1674
337
1855
1059
1483
1670
2118
1597
1781
678
21
2273
1071
126
859
515
37
1862
375
1723
837
89
1989
55
866
213
1139
1060
1434
249
386
844
1941
2063
2134
465
201
252
475
1389
130
1852
1449
1148
184
882
33
168
1055
833
427
503
537
188
1093
112
450
1412
321
339
2225
1519
1906
2268
1829
1206
675
2000
1651
1770
1427
2210
2108
304
75
1004
670
128
2267
1614
1756
1730
504
2085
599
649
2043
965
1788
849
318
122
920
2038
2221
1116
536
2076
590
121
1352
1513
1022
291
1865
1324
123
2274
1605
1296
1934
1627
523
352
2235
763
600
1096
1079
1542
1312
2066
728
1698
1038
869
775
772
805
1002
1048
405
1171
919
120
2057
2192
1972
1640
585
1099
1256
1732
15
749
1016
490
51
1742
2075
1472
1645
575
1550
18
2060
288
939
3
1811
1321
6
807
1568
923
1673
1433
1992
1065
832
1276
444
2224
163
843
759
1207
1305
2257
1719
1127
284
438
25
1733
1955
1694
379
638
282
47
411
2106
1702
769
2169
1611
262
102
665
1227
883
1285
156
1426
2262
403
1654
1798
1922
1547
845
2166
2161
1985
1051
2069
1362
1826
1023
1977
2
1322
904
1915
514
1273
487
1933
738
1112
1539
714
1073
1861
2091
1416
300
2120
2214
1765
1607
1603
175
1725
2239
1757
559
383
242
162
697
308
1342
1377
1615
250
1979
1880
1625
912
1677
814
1485
56
277
1517
785
840
1194
1311
484
731
1162
656
58
2155
1290
1976
482
1350
718
366
2044
1281
2135
1896
8
324
395
278
634
1158
136
344
1027
605
1017
736
1190
812
1659
2089
1422
1278
1535
1448
1146
1378
734
658
1143
1521
1644
416
589
702
1726
111
1186
1641
890
1323
732
1209
797
1830
1177
1067
125
766
580
1740
1219
1226
1178
767
2031
1735
1313
968
333
2247
1652
2084
587
993
414
1888
1510
46
264
902
976
1610
1708
1120
1460
872
294
1036
1052
1136
1522
958
415
1315
1080
679
2137
377
2001
85
571
1885
1613
323
1604
11
569
1241
496
2041
972
1267
1332
1502
232
1711
1306
1794
179
1600
478
664
1403
615
669
1612
864
579
1836
1808
509
607
936
1536
1606
290
2098
951
531
875
1179
1947
660
1936
1761
964
1459
2151
127
137
1679
1713
1940
1660
270
1505
16
330
1430
1218
1286
1046
524
2140
549
2213
606
1478
1163
1056
2190
1496
2030
222
312
1011
1715
1704
969
407
572
370
617
1582
1705
2195
879
1815
1700
762
1877
399
1834
711
78
2095
216
466
2182
654
709
1168
1602
663
382
2167
50
982
1025
2157
696
2260
1918
1029
385
1558
1041
135
2058
7
1537
2203
1678
1809
619
1100
1707
2088
348
988
212
565
115
315
255
2144
2014
735
338
2232
317
2241
641
1685
1507
1567
1580
725
753
73
1327
1526
100
38
66
567
1069
1797
1310
134
180
2028
1914
802
758
1188
468
581
643
200
1094
1755
1236
1474
42
1033
1931
1525
1347
1994
273
1763
713
695
48
838
272
1279
921
624
1318
119
1949
1225
165
505
396
1126
562
954
483
1328
1251
748
1657
316
1042
1070
2196
1326
472
511
1185
1569
1545
234
789
573
2240
1386
1950
724
885
293
1294
1894
723
356
722
2100
1364
1791
1853
1544
1557
306
301
980
1630
1892
2275
1748
2219
199
247
434
909
757
817
1697
1274
2184
1257
142
1476
1753
1336
53
933
804
43
224
2209
1044
2023
428
105
314
276
1840
635
1384
1804
2158
153
1144
1369
1681
1751
1345
1021
1665
1198
236
455
259
1945
351
795
1908
636
2109
1200
1870
577
1108
226
1511
198
152
1141
187
1240
1848
1410
721
1717
1626
1210
2176
2090
743
2021
739
285
1891
1777
406
652
2145
1968
106
166
311
887
258
74
546
1160
989
666
592
30
862
1548
150
1629
1839
1098
132
1075
1762
1734
791
564
924
2223
1860
1183
99
87
1718
1833
1250
364
1800
500
776
842
1646
1130
497
421
489
668
1925
376
1653
1586
1883
1650
117
1624
1006
1549
1878
1491
261
1348
1089
519
991
1007
451
1508
830
2248
182
2082
1018
1639
2261
174
1722
2147
1737
1997
2271
985
1721
1470
1447
1391
1766
1810
2200
1608
945
389
778
1157
1453
336
2253
170
91
588
1024
917
1575
809
530
228
109
1585
2208
1618
1898
2230
1370
1827
303
1571
896
1396
1897
0
124
1771
279
865
929
1806
627
1413
