2264
298
697
879
1961
1216
1382
1585
455
919
899
128
225
620
957
16
764
1066
213
1573
1841
1928
2235
540
1339
238
976
1472
1674
1482
209
1086
1386
1400
237
1376
1982
1197
2042
1117
1725
250
1126
2211
961
790
2132
838
2201
631
691
906
633
1883
821
23
1403
397
1772
1475
1448
862
525
2251
717
797
1180
1654
1692
52
1999
2007
2063
504
646
252
632
845
351
2239
2016
1850
542
2230
477
1972
1019
2238
969
9
1009
693
1967
758
1349
1995
1513
1881
366
1005
1764
2189
142
885
798
672
913
1723
2028
595
908
239
2197
1640
369
1017
1040
820
1467
893
54
1726
1230
1673
1394
1364
2101
436
1887
593
330
1101
2213
1505
259
32
809
296
481
1827
398
1222
1911
750
1708
492
1895
1779
1269
795
502
192
1031
1718
1743
1100
1937
263
1942
302
1493
70
2244
474
452
1826
1837
1295
1283
2037
1041
331
1983
34
2177
1536
933
1752
605
1223
2115
1559
1111
2027
1863
1033
562
1053
858
370
1946
448
186
1921
1064
740
1844
2267
405
68
787
1420
1657
1976
1326
1601
1891
692
1103
1774
835
2183
132
1658
1363
710
1213
480
1825
422
1871
607
1588
295
1609
882
344
1330
536
1149
431
1278
2104
1154
1703
1546
985
1549
1603
2040
839
2237
1890
929
1468
1672
1621
1686
679
58
1179
2208
1543
499
527
40
1489
2188
1110
2262
50
873
243
898
508
1773
1854
2182
1095
1317
912
2074
2165
791
1208
2031
107
1520
14
1987
1077
1502
813
440
666
1511
435
80
1083
1798
785
1335
2041
1831
636
866
2068
611
1392
733
2130
1908
1022
479
498
269
599
1076
451
1379
2072
950
1367
174
1606
538
1817
1131
1645
1936
478
550
1944
1785
1236
1613
307
1233
1804
1724
2030
1953
1732
958
2123
1878
2253
1115
739
963
1856
2205
1485
699
469
756
390
2122
983
594
188
1162
1679
503
141
928
72
1348
410
420
1276
1452
1099
1458
204
493
1285
1423
1800
2256
1586
659
1112
1080
1121
554
382
2219
738
895
1350
967
1965
373
670
723
944
2240
2100
875
354
663
1991
280
1104
409
2266
319
1013
1849
1578
1168
1663
2025
6
794
1870
2006
1598
65
1263
725
684
2158
483
118
249
1006
79
1320
949
1183
267
1629
1649
1646
2018
676
1681
1941
136
588
1073
2222
127
1648
901
2054
1704
802
1952
1634
2131
1344
1570
1012
1519
1172
1589
966
67
627
789
1843
129
387
2154
1538
95
1866
603
921
362
780
417
523
1082
414
1904
2125
1715
1945
1949
2150
1352
1404
1105
2129
654
847
2193
2175
1642
1047
2109
2013
324
1534
1200
1638
1084
1336
1626
1689
2075
1822
581
471
2036
411
641
1408
1769
524
876
703
788
2221
1175
2089
1074
1036
775
234
1978
123
401
7
1177
877
424
1766
1635
2233
1523
1068
245
1803
2033
902
1366
1823
1597
606
951
332
830
1812
1852
1563
173
2090
980
741
2258
42
576
2168
2198
855
1900
110
1235
1256
277
2110
1782
911
2167
1833
125
2261
87
1464
704
102
816
1383
530
1582
1494
1358
1144
1927
1810
301
1579
1207
914
482
577
2060
1832
247
2010
1158
2004
1078
1266
1872
1037
282
1058
557
53
558
1239
1816
2118
2227
1460
266
236
2091
1541
114
264
99
1840
905
586
1855
1286
1396
1147
1442
2257
719
1384
696
559
989
1714
1839
856
1821
544
1032
341
648
2214
2080
1737
1028
258
653
884
1218
728
1740
968
90
2241
2228
564
216
2249
675
1412
8
2133
729
195
1560
591
1243
169
445
1802
1361
1148
664
647
701
1308
201
804
546
531
715
970
1762
2088
1057
1381
458
254
309
305
880
1796
1471
2111
1107
45
155
2049
1422
133
1815
135
2061
681
140
205
1437
184
1419
1824
11
1274
732
303
1289
668
1483
1729
1441
829
365
256
476
1201
1788
176
1119
848
1980
978
1778
761
529
2164
907
1656
115
1244
2147
1532
2107
1296
955
1390
1181
76
2274
1221
2259
450
918
2203
2005
1304
1783
724
1312
160
1214
528
1062
977
726
1301
1636
927
658
1225
198
1385
555
720
1956
572
147
96
1088
116
1314
1580
1231
1432
2002
197
2011
2149
1318
1610
1985
1652
363
318
190
1189
1882
1962
1300
735
569
1398
2058
1906
1902
57
1287
61
2216
278
1789
1709
1416
47
2056
180
1846
2008
1445
945
1188
1097
694
687
1347
1259
709
1924
418
166
1605
156
1039
460
849
1569
1695
2224
2181
1307
2039
376
439
2103
1270
1761
1409
1619
805
406
343
1309
285
3
227
2066
827
850
783
207
1568
1793
1380
200
548
1509
943
1662
430
1346
1682
1571
1234
1834
1242
1979
1087
109
1651
1224
1279
2046
618
900
810
1163
1081
2225
837
2272
2254
1916
337
539
1508
1109
1584
2192
2207
731
1102
1690
1459
623
1265
1220
2034
2153
1025
1794
1465
286
2156
138
1739
1792
2067
2269
2071
1861
878
1775
661
669
2092
1424
952
230
1701
754
2065
1808
1048
1251
1173
1488
97
33
630
335
2087
545
374
1319
137
1971
512
2145
1799
1293
674
1118
1595
1240
1399
1323
1447
19
163
2246
1261
1011
1436
870
1781
2270
496
1675
984
1659
1829
596
1943
1777
1096
1120
819
222
644
1357
1706
167
1089
991
1591
131
1401
1020
404
1875
26
2172
1055
1477
1931
1565
1157
294
777
1567
2162
541
1140
36
1273
46
38
2102
1667
59
487
757
1990
2116
547
995
1683
1996
1331
1542
228
101
1734
651
1550
1050
1745
1889
975
1132
203
2155
1406
533
145
179
1391
1063
1166
698
1191
1650
1484
257
1499
1561
834
992
706
2055
1397
428
511
580
1001
2231
402
1515
1018
2173
1481
224
1051
1410
1198
1138
1338
2190
1888
986
1763
442
1664
954
1052
1913
271
551
1748
826
935
1620
1202
585
1566
1830
939
1696
322
306
1869
867
62
283
1977
1751
484
2112
1171
20
1430
2212
1530
2135
1923
