1988
773
137
1422
85
1905
2266
83
821
1952
2167
1896
798
797
2077
1204
991
1564
676
1290
1240
1100
413
1366
1920
1546
975
1179
1084
1940
2021
175
653
243
951
1114
497
936
841
1468
404
720
895
2069
1304
761
1089
221
1342
2036
191
1766
25
1652
1818
283
1585
738
289
662
34
1496
1573
846
2025
1600
194
531
670
1159
704
500
1868
431
304
2272
1326
2232
1188
2175
2248
1895
656
2037
943
650
2190
399
1634
2064
706
985
30
403
1317
1567
479
136
1424
446
396
351
214
735
1879
1933
2052
2205
2202
117
1867
1506
1978
966
1882
1013
277
183
767
1804
354
2275
2240
1312
91
467
2204
866
188
1524
1386
1124
1755
197
1383
745
906
368
1156
1355
1855
1196
2113
1072
515
109
1444
1475
357
2150
1480
1391
1765
1456
1130
1760
1663
1251
1779
2177
438
161
104
1273
2093
1726
852
1347
1219
2256
140
2044
552
923
2116
1224
57
567
245
1923
779
1991
1491
99
535
910
20
66
1724
2127
1540
1637
1582
1061
1834
2120
106
1170
321
36
1787
831
583
1004
1558
472
752
768
1249
839
468
490
1446
2235
2262
2065
677
484
1534
464
2098
776
1081
823
1591
491
1708
1272
2197
389
862
1791
838
1141
229
228
352
394
1691
1723
525
635
2186
1026
2195
1599
2128
2092
1557
168
758
1428
1979
509
1709
1872
1925
259
1028
1001
208
98
1502
1073
1186
1229
1819
471
764
358
995
503
1526
1883
789
517
1511
2165
1379
1545
1679
1227
1165
830
90
1257
9
215
1032
1820
519
701
2032
1210
1957
938
718
193
868
418
1042
1517
737
2050
812
522
1160
1146
2103
674
1091
1562
2174
1158
2078
1869
398
1094
1692
1671
987
1839
324
2107
2274
1997
335
1230
200
2199
859
682
433
1397
1514
65
1436
309
1931
2148
275
1626
646
959
2163
320
1793
322
2091
610
423
2059
1863
1694
990
2261
383
986
749
963
939
2268
1841
2055
2009
1169
293
1686
2246
2181
274
1674
727
337
1735
2139
155
826
1899
524
580
1543
1901
2155
1999
886
687
1510
799
2022
2083
892
84
1109
878
1658
1934
1364
516
979
388
1356
1164
1849
240
626
148
589
47
1873
1716
1197
1792
2140
1983
793
807
285
719
637
124
547
4
1928
714
533
1187
554
1445
1848
1864
1451
795
624
77
3
1843
1748
1541
1845
748
1640
1126
1798
306
617
2097
1826
48
901
1595
1308
708
774
576
495
1947
1918
1697
933
225
1297
1836
1969
2142
2238
1623
237
298
2182
598
2019
2094
67
226
1846
1890
489
1177
2203
611
2231
1337
1628
1178
1025
570
1583
1478
2207
1913
41
461
2014
1975
39
997
71
648
407
1756
924
1622
1507
2118
2200
2189
1856
1123
2051
1852
2153
2082
118
284
1074
1368
786
1789
2070
948
380
160
2000
2039
1359
2122
1874
2179
713
1282
2115
1346
1037
1842
103
885
2109
1453
220
1485
1176
2095
541
1936
1703
29
661
2218
912
1340
544
667
59
2041
170
268
61
1814
814
1660
1807
2013
1552
794
695
2
2168
453
1489
1339
721
1310
1155
1142
1053
1190
256
1608
116
10
1078
1777
702
2089
319
2042
740
2088
1761
1944
1247
2130
1885
478
1795
1062
1587
1036
746
42
2085
1504
1738
420
2184
982
828
1214
207
575
1951
2208
540
905
1193
227
1985
2164
1632
1301
409
2196
778
1588
1669
1685
1838
499
24
605
1167
2028
972
1150
2178
894
1627
1277
1398
1712
1458
1604
1309
1750
1927
231
1877
1811
314
2276
2273
455
1471
1907
861
158
983
360
1959
218
1270
1093
2102
791
601
572
606
2158
1693
692
1151
159
800
1967
1785
1742
1682
1138
1223
460
742
1737
2016
363
922
1612
1222
673
1662
810
854
1713
1684
1781
976
406
1298
1593
377
2075
1400
917
2156
1778
2060
1465
2216
2191
336
1
771
1076
2119
1431
1437
932
302
1717
590
1932
1769
957
1906
1805
1291
1077
1794
1080
530
1677
1306
715
896
1783
2212
1487
1992
1644
164
326
362
1112
562
1926
769
2162
437
428
11
1788
658
232
1070
1876
370
449
1470
1613
2239
663
1295
1231
1621
5
2047
772
623
261
876
342
732
1614
504
1374
1695
1181
1236
294
1710
0
174
2034
163
1810
1763
717
2227
1667
1730
1602
879
869
1754
1275
1234
2243
1648
373
1982
898
1021
1594
1550
1050
1942
459
282
528
1949
546
2236
1768
382
2222
1396
72
1910
1555
308
1185
1617
937
1137
1120
247
273
2045
1233
1117
1581
1551
858
893
1966
1578
787
1976
1104
345
660
1302
657
2245
1972
1209
1715
481
1195
1055
1069
1252
2217
53
234
2188
271
315
603
1862
1459
1006
1264
482
1083
1460
1492
1237
1183
133
974
1421
2112
1751
1085
1635
2105
1968
1162
172
1912
1696
510
555
432
1215
1673
1837
2145
462
411
1800
361
114
980
2018
2141
1482
1782
1152
73
1426
755
883
1263
853
395
1764
1638
1683
1321
435
1119
1887
973
54
835
2230
375
1897
1817
1615
1015
110
850
1269
1419
783
1672
1205
1597
2024
58
1722
916
1082
1859
126
909
621
153
1987
1740
102
348
678
2252
1516
2133
1908
1283
914
108
944
1568
1886
456
1515
1544
466
2251
1739
410
978
2108
1191
1417
613
31
135
171
1649
2117
1455
577
2087
1609
483
1461
303
566
587
216
874
1348
2214
904
1772
1286
376
762
2173
112
620
602
2206
1157
725
2027
865
397
1964
205
444
1513
1488
338
1447
1469
1549
680
710
2250
639
366
323
279
1571
127
585
1503
507
1880
1289
263
311
1211
1353
2201
1174
416
1654
2002
1542
1136
1784
967
1706
1423
1335
1111
1255
962
474
688
1106
2010
1656
640
1822
223
2003
1698
1596
190
1068
988
636
532
1345
430
63
123
1970
2247
1914
1531
251
2030
2031
582
353
851
1958
44
571
1254
332
1194
1307
371
625
1041
281
1060
1930
669
1501
2234
1051
1580
1071
