877
1250
698
914
1776
2276
1887
2022
683
829
9
200
377
359
2263
646
1208
1041
1826
602
1051
881
510
1024
1143
2106
1319
671
1592
2074
368
1904
2214
1554
726
106
1926
1858
268
88
1074
790
456
1203
1298
1698
1177
1084
1600
434
458
1868
1368
1295
1848
408
2113
250
213
411
900
1901
976
1184
20
1522
1296
936
11
2164
1279
422
1273
5
1286
1193
1463
747
1169
614
804
567
1287
149
1590
1595
1347
234
501
593
1624
979
339
1766
1408
10
606
598
1142
373
1211
2176
2086
1831
478
255
1114
171
754
584
994
1582
1692
272
1507
856
842
1168
1311
801
1299
294
1746
1136
631
2118
1814
1790
1357
1140
702
723
746
1793
1745
1778
1496
799
1734
543
1741
1626
1322
2155
912
1317
1567
238
1827
1664
334
481
1216
1798
1863
1400
1057
1014
477
1612
1640
1875
1314
1706
1448
1367
1718
509
0
1302
582
286
959
15
1726
469
919
1219
65
1722
1077
341
1513
1012
248
1123
795
1832
1130
1545
245
684
284
1583
1039
1464
104
1989
168
926
74
1541
1943
1829
1291
2237
2099
1889
782
1803
601
1413
846
664
1810
1806
1944
967
1056
1458
803
2190
1436
2091
713
2079
1566
1967
699
811
1960
1487
724
81
992
855
1141
2230
367
1859
405
2085
2109
1578
28
1975
1207
878
1131
551
729
1044
101
706
533
1930
735
1500
949
1969
1799
1399
2223
2157
1579
1182
773
2059
2198
219
1307
1533
1438
630
904
1127
687
313
2242
1559
880
308
1924
1673
1342
1097
2000
1363
659
2097
1568
2266
953
1993
2234
667
1049
1054
1231
2088
1976
656
2139
1779
1165
1876
1602
1138
1255
1031
1429
816
674
265
779
568
738
360
761
823
323
1113
1452
357
996
1179
1419
2249
2081
1221
566
1418
176
1880
1417
739
358
1110
1329
511
1511
1860
2052
2145
1360
2019
486
1719
2154
365
1794
2193
1489
1431
1258
2187
703
1651
610
932
1109
1925
1095
576
441
2264
264
560
577
1064
902
512
366
526
1454
1198
570
1772
1572
1757
290
1483
1201
623
1
743
931
1026
677
1382
351
1917
670
1518
435
353
1922
2245
1962
1715
832
85
108
2132
1063
1521
946
2103
1517
83
2150
556
208
1701
2197
1562
1181
825
1091
1677
2182
2082
288
712
475
701
521
1689
613
439
58
2023
1873
774
161
259
634
98
2070
744
1609
559
2062
491
973
626
2029
1366
2078
794
1888
783
1754
1104
875
1067
2221
273
1784
489
237
1838
1643
291
2222
1731
327
140
2247
1997
321
918
1999
247
861
1929
1970
913
59
1441
2076
204
1788
1808
696
50
962
1937
1283
1188
1243
429
1118
1668
2
2100
282
1824
209
680
226
2186
443
1622
447
242
1971
2057
77
374
1237
2232
538
686
480
1058
1707
1950
1573
1186
2073
218
1613
2005
935
1423
78
131
1608
109
1180
388
2151
1961
1723
1002
1080
384
797
952
871
589
998
2235
69
2163
451
129
1813
352
840
1121
1645
182
35
1103
1030
1672
1092
1977
1178
1162
2125
2043
1938
947
349
650
1326
1735
1914
1263
798
162
1027
1303
1768
2064
1238
958
151
1424
731
281
1852
467
121
97
1065
1974
1919
2092
220
1908
103
1614
1861
1819
1575
1013
12
7
858
1619
206
181
1061
203
2093
80
376
462
633
2224
404
558
1344
715
1534
1315
728
1183
197
710
2241
522
63
1851
187
999
1662
578
464
586
895
123
1071
1705
1174
1501
1288
1294
472
968
1995
2153
964
437
345
780
2033
198
1444
939
2185
995
1192
252
549
1526
453
1569
1679
1153
1341
1817
2244
2054
514
2169
1621
1096
235
1653
2018
215
188
1648
2236
604
84
642
403
95
173
2053
1472
2219
1636
1036
675
1508
1714
1921
742
186
2141
1364
253
1834
960
765
1933
1955
1656
410
1968
1548
2138
1222
436
1139
772
1004
888
2202
336
1268
806
1649
809
1712
1100
1953
894
2031
920
1878
591
1034
1106
25
621
2063
338
390
734
495
917
581
202
1795
130
2171
1240
781
1823
1248
1607
1117
1837
1702
518
1414
1355
934
1703
2133
850
1304
1758
328
532
1700
1166
177
57
707
1841
943
529
1623
1085
1396
915
1988
655
196
2021
414
1667
2170
594
1005
292
1597
819
627
1278
989
776
1840
2083
1987
1979
1023
1234
1205
1946
1433
157
1879
243
1709
644
72
2050
1796
2040
1346
189
1655
1724
1050
843
2177
1563
348
899
666
1462
1412
955
1155
492
1639
1897
824
1586
110
957
2225
2114
838
1380
1767
588
2102
1280
479
1404
693
163
1442
1687
1992
897
1150
2143
771
335
1634
1094
1197
127
963
144
301
304
700
672
1082
2152
2107
1666
1528
41
893
452
1725
1001
665
1691
618
1386
47
2007
143
2188
711
1233
2067
386
1435
755
1284
23
1290
347
525
1658
647
24
1015
1232
1401
997
2014
745
1631
1480
1377
1476
1137
1777
1035
337
295
216
1773
1457
1199
496
346
852
1252
1951
1853
1764
595
1710
1780
1983
1906
1774
33
2112
1676
1099
1543
540
1538
1506
397
1505
494
523
981
1093
1275
1546
2119
2259
1156
536
135
552
1854
1965
2090
1555
1200
1611
1785
276
1101
2069
834
1388
419
381
1948
275
1532
535
571
548
62
262
178
547
653
1690
905
256
845
124
1349
808
1354
2071
3
1425
813
400
1802
332
1536
6
1324
300
73
306
363
767
36
1949
2210
172
1271
1078
1206
2095
1550
1372
978
194
1474
1865
2049
507
86
165
1066
152
869
391
2137
394
993
1340
1847
1151
1269
692
620
299
232
1257
971
1281
638
432
2089
2156
142
1028
1870
1580
1716
2160
1385
1292
2196
704
1451
2128
792
1560
102
1761
446
1256
2212
1694
1695
864
1727
1928
1387
1957
1415
1309
1973
1339
1891
1998
657
319
375
487
1830
355
27
833
1190
1016
221
138
2207
2046
71
1825
1055
424
1350
312
1574
1202
93
1675
283
