613
1199
1946
2044
597
2074
1777
1444
1681
1200
424
2235
400
7
1567
1956
1645
2176
2048
2049
642
195
156
1024
882
1365
1776
1999
1234
2119
860
2185
582
1262
2120
2094
1386
1006
1022
617
357
693
2034
184
922
771
210
681
639
1695
1981
1880
1630
1073
1171
964
1085
825
2102
1038
701
1415
2087
1736
44
1000
824
1092
1610
1436
640
1997
1046
1247
2192
1686
934
53
1203
916
1647
1447
750
704
721
563
1163
553
730
777
571
115
190
2263
757
815
1533
786
1661
1879
556
967
1445
1078
2165
1871
1860
1825
546
79
672
367
1653
2275
425
449
457
154
2255
71
477
909
1840
638
1861
1345
217
1161
46
1983
1941
1909
2068
1036
299
1806
1147
1650
969
1485
1696
2243
1587
1356
756
707
1772
2129
1288
739
1299
1090
975
1405
636
716
1253
1411
1408
1482
1975
2218
1013
254
1631
952
501
1768
766
621
1060
1292
494
1003
1201
145
2186
4
2037
108
507
2052
1662
826
1315
602
787
544
1500
439
604
709
102
489
401
1667
1082
136
1687
2245
1130
47
438
1245
1283
138
280
2153
1098
525
320
1834
2274
1094
627
682
1242
832
510
1162
2232
1310
2026
881
1583
908
1963
2222
2271
155
1531
545
52
350
1683
146
552
123
1389
1398
1514
606
512
970
2059
957
724
1270
464
1135
1782
859
1586
140
365
1968
1324
476
1555
305
404
1962
2004
2234
871
1425
592
460
1510
570
1902
530
1279
91
792
726
997
1707
431
1505
336
73
2203
1923
203
2096
1495
1875
848
1050
51
1250
1127
521
178
1706
572
1916
1169
1417
658
194
2268
496
2033
355
1781
2098
1820
915
1268
1903
67
1223
1931
484
1131
906
768
1182
1595
1717
2007
1055
275
1993
342
436
1663
1552
211
117
186
2189
1516
1193
245
1027
1499
113
2081
1737
159
1403
239
705
1465
1122
612
1858
1058
356
14
1152
891
2018
212
968
72
814
1815
1029
1563
892
1282
370
1901
607
32
1443
972
974
1331
500
818
1835
162
2269
1441
1527
1904
381
1900
1684
677
351
1276
717
830
248
914
591
962
1293
982
1275
1936
841
5
1896
12
1534
266
651
1491
1358
1697
2084
1321
2050
782
1057
227
1502
1402
889
479
1351
246
683
1740
955
1059
1643
1790
695
508
2090
1589
1989
1168
419
696
175
1274
1211
440
1298
1954
1032
561
611
1616
598
1864
2172
1660
1458
2
170
174
1670
1461
1775
433
1025
1964
35
1562
738
547
1014
262
838
107
1797
1357
1355
1492
1966
1238
309
1910
1088
38
2156
1934
1421
191
1876
1397
938
2061
944
931
1873
1264
1044
1735
720
1087
1392
884
1387
473
942
1316
1758
1430
2047
1145
1698
2195
885
1026
993
1719
110
1796
2264
2072
2164
890
1205
514
422
2043
758
81
2270
284
1454
2099
1372
2124
678
1413
1591
255
1037
963
1048
1125
1442
1178
235
1784
237
665
2063
519
1822
1540
629
409
932
1020
158
799
996
1728
1636
2148
793
1521
1859
310
2200
1669
1473
2201
1307
2197
535
1033
953
1232
201
1659
2239
573
83
1753
2057
1302
1067
2137
1998
980
2259
125
1322
1198
3
1450
954
1506
747
1021
1732
2111
1771
1469
560
759
1928
774
529
308
1434
1209
1368
33
520
593
1081
887
1635
1432
1716
393
584
773
1987
451
84
1470
1217
1407
775
2083
1239
1095
2215
2095
1884
637
802
1367
2015
247
930
991
232
959
1671
1011
2060
1891
1744
844
265
753
522
1869
314
1524
1099
1112
1235
811
2256
1601
654
208
2092
921
1512
250
2206
1477
1183
924
2066
1566
228
373
1672
298
87
1393
1519
2246
1600
1354
1598
689
407
1051
492
1868
1919
114
537
503
1226
2076
1034
1641
144
1870
927
2155
1246
205
1929
189
361
1607
913
1750
1107
511
1230
643
1049
296
1715
430
1007
1700
1040
281
183
1592
1350
1202
1493
619
486
1778
864
469
1658
566
141
1747
1336
836
2104
323
2240
1623
1176
1319
1874
149
2258
1416
840
2016
1184
821
568
1390
867
376
763
506
1933
538
2168
845
60
1396
1149
1922
2181
421
101
1648
1927
1862
382
2143
2123
1455
898
286
1181
128
687
289
1849
169
733
935
1573
193
2145
379
1731
754
1065
1243
781
282
358
2080
285
1030
523
569
708
534
1724
846
423
1569
2276
2150
990
760
1457
1478
1559
1703
1254
214
230
447
1842
656
902
1410
1911
1783
2175
1536
1593
126
17
622
1745
1785
197
2151
780
2027
1451
888
105
1925
209
1675
1938
1742
808
1974
1629
354
2178
2101
896
631
95
1113
2173
1618
333
490
2159
1267
1538
1621
339
2118
2051
1725
277
2077
987
1146
2180
810
558
130
2166
207
1120
2138
1366
1680
2221
1709
903
2002
540
1400
77
215
2030
920
764
1269
2254
1526
1676
609
267
1895
1206
1471
1252
2062
414
926
300
18
1673
1435
1627
2065
402
1854
1596
794
1124
1821
157
2110
69
796
1297
410
345
269
1480
632
1053
1488
1848
364
1459
1594
406
1496
109
674
412
1306
1194
1225
1770
951
1265
1690
1123
588
1456
1215
1102
581
41
2161
661
1780
233
1767
698
833
306
2067
515
1426
2139
1718
779
318
243
729
1523
723
1913
2250
2070
1156
1173
699
1867
2266
497
911
879
80
311
2233
543
1312
791
495
1158
1151
64
303
297
2202
688
1973
536
1490
291
1216
429
986
1406
466
1404
337
1349
24
137
11
551
36
347
1271
180
1625
1890
1893
1117
264
1638
127
85
344
1136
1185
936
1240
2105
605
1801
869
1961
2006
2009
2251
823
1208
587
1609
2220
2020
1723
744
1823
2012
427
1143
1889
45
1009
831
579
893
1705
899
315
1347
1800
304
148
1100
259
2055
1805
1786
2103
1766
713
1951
2196
1764
1301
2089
1070
121
493
676
1597
1281
2227
769
1172
1633
1072
111
90
762
161
1773
788
1560
800
1069
454
2127
2069
396
1128
